5.000000000000000000e-01 5.250000000000000222e-01 5.500000000000000444e-01 5.749999999999999556e-01 5.999999999999999778e-01 6.250000000000000000e-01 6.500000000000000222e-01 6.750000000000000444e-01 6.999999999999999556e-01 7.249999999999999778e-01
4.749999999999999778e-01 5.000000000000000000e-01 5.250000000000000222e-01 5.500000000000000444e-01 5.749999999999999556e-01 5.999999999999999778e-01 6.250000000000000000e-01 6.500000000000000222e-01 6.750000000000000444e-01 6.999999999999999556e-01
4.500000000000000111e-01 4.749999999999999778e-01 5.000000000000000000e-01 5.250000000000000222e-01 5.500000000000000444e-01 5.749999999999999556e-01 6.000000000000000888e-01 6.250000000000000000e-01 6.500000000000000222e-01 6.750000000000000444e-01
4.249999999999999889e-01 4.499999999999999556e-01 4.749999999999999778e-01 5.000000000000000000e-01 5.250000000000000222e-01 5.500000000000000444e-01 5.749999999999999556e-01 5.999999999999999778e-01 6.250000000000000000e-01 6.499999999999999112e-01
4.000000000000000222e-01 4.249999999999999889e-01 4.499999999999999556e-01 4.749999999999999778e-01 5.000000000000000000e-01 5.250000000000000222e-01 5.500000000000000444e-01 5.749999999999999556e-01 5.999999999999999778e-01 6.250000000000000000e-01
3.750000000000000000e-01 4.000000000000000222e-01 4.249999999999999889e-01 4.500000000000000111e-01 4.749999999999999778e-01 5.000000000000000000e-01 5.250000000000000222e-01 5.500000000000000444e-01 5.749999999999999556e-01 5.999999999999999778e-01
3.499999999999999778e-01 3.750000000000000000e-01 3.999999999999999667e-01 4.249999999999999889e-01 4.499999999999999556e-01 4.749999999999999778e-01 5.000000000000000000e-01 5.249999999999999112e-01 5.500000000000000444e-01 5.749999999999999556e-01
3.250000000000000111e-01 3.499999999999999778e-01 3.750000000000000000e-01 4.000000000000000222e-01 4.250000000000000444e-01 4.500000000000000111e-01 4.750000000000000333e-01 5.000000000000000000e-01 5.250000000000000222e-01 5.500000000000000444e-01
2.999999999999999889e-01 3.249999999999999556e-01 3.499999999999999778e-01 3.750000000000000000e-01 4.000000000000000222e-01 4.249999999999999889e-01 4.500000000000000111e-01 4.749999999999999778e-01 5.000000000000000000e-01 5.249999999999999112e-01
2.750000000000000222e-01 3.000000000000000444e-01 3.250000000000000111e-01 3.500000000000000333e-01 3.750000000000000000e-01 4.000000000000000222e-01 4.250000000000000444e-01 4.500000000000000111e-01 4.750000000000000333e-01 5.000000000000000000e-01
