0.50 0.88 0.88 0.83 0.87 0.83 0.89 0.80 0.87 0.82 0.90 0.88 0.79 0.84 0.88 0.82 0.88 0.89 0.88 0.81
0.49 0.50 0.64 0.53 0.60 0.54 0.64 0.49 0.62 0.52 0.67 0.64 0.46 0.55 0.64 0.51 0.64 0.64 0.64 0.50
0.46 0.59 0.50 0.50 0.57 0.51 0.62 0.46 0.59 0.49 0.64 0.61 0.44 0.52 0.61 0.48 0.61 0.62 0.61 0.47
0.59 0.71 0.73 0.50 0.70 0.63 0.73 0.59 0.71 0.62 0.75 0.73 0.57 0.65 0.72 0.61 0.73 0.73 0.73 0.60
0.48 0.61 0.63 0.52 0.50 0.53 0.64 0.48 0.61 0.51 0.66 0.63 0.46 0.54 0.63 0.51 0.64 0.64 0.63 0.49
0.60 0.72 0.74 0.64 0.71 0.50 0.74 0.60 0.72 0.63 0.76 0.74 0.58 0.66 0.73 0.63 0.74 0.74 0.74 0.61
0.42 0.56 0.58 0.47 0.54 0.47 0.50 0.42 0.56 0.45 0.61 0.58 0.40 0.49 0.57 0.45 0.58 0.58 0.58 0.43
0.65 0.76 0.78 0.69 0.75 0.70 0.78 0.50 0.76 0.68 0.80 0.78 0.63 0.71 0.78 0.68 0.78 0.78 0.78 0.66
0.49 0.62 0.64 0.53 0.60 0.54 0.64 0.49 0.50 0.52 0.67 0.64 0.47 0.55 0.64 0.51 0.64 0.65 0.64 0.50
0.63 0.75 0.76 0.67 0.74 0.68 0.77 0.63 0.75 0.50 0.79 0.76 0.61 0.69 0.76 0.66 0.77 0.77 0.76 0.65
0.39 0.53 0.55 0.44 0.51 0.44 0.55 0.39 0.53 0.43 0.50 0.55 0.37 0.46 0.54 0.42 0.55 0.55 0.55 0.41
0.43 0.57 0.58 0.47 0.55 0.48 0.59 0.43 0.56 0.46 0.62 0.50 0.41 0.49 0.58 0.46 0.59 0.59 0.59 0.44
0.75 0.84 0.85 0.79 0.83 0.79 0.85 0.75 0.84 0.78 0.87 0.85 0.50 0.80 0.85 0.77 0.85 0.85 0.85 0.76
0.63 0.75 0.76 0.67 0.73 0.67 0.76 0.63 0.74 0.66 0.78 0.76 0.61 0.50 0.76 0.65 0.76 0.77 0.76 0.64
0.43 0.56 0.58 0.47 0.54 0.47 0.59 0.43 0.56 0.46 0.61 0.58 0.40 0.49 0.50 0.45 0.58 0.59 0.58 0.44
0.64 0.75 0.76 0.68 0.74 0.68 0.77 0.64 0.75 0.67 0.79 0.76 0.61 0.69 0.76 0.50 0.77 0.77 0.77 0.65
0.44 0.58 0.59 0.48 0.56 0.49 0.60 0.44 0.57 0.47 0.62 0.59 0.42 0.50 0.59 0.47 0.50 0.60 0.60 0.45
0.40 0.54 0.56 0.45 0.52 0.45 0.56 0.40 0.54 0.44 0.59 0.56 0.38 0.47 0.55 0.43 0.56 0.50 0.56 0.42
0.44 0.58 0.59 0.48 0.56 0.49 0.60 0.44 0.57 0.47 0.62 0.59 0.42 0.50 0.59 0.47 0.60 0.60 0.50 0.45
0.63 0.75 0.76 0.67 0.73 0.67 0.76 0.63 0.74 0.66 0.78 0.76 0.61 0.69 0.76 0.65 0.76 0.76 0.76 0.50
